COIN 25 01:15:49 -5hrs,UNKNOWN VIEWS,POSITIVE VIEWS,NEGATIVE VIEWS,UNKNOWN COUNT,GOOD COUNT,BAD COUNT,PERCENT UP,START BTC PRICE,START USD PRICE (Mar-24-1009PM-2018)
BTC,243697,50692,28404,78,53,7,-3.95%,1.0,8580.56
ETH,12377,18115,12299,30,25,7,-3.93%,0.06066503817932629,520.54
XRP,3208,9747,203,12,15,1,-4.33%,7.42512143729547e-05,0.637117
BCH,8679,1691,0,10,3,0,0,0.0,0
LTC,21908,23393,0,6,19,0,-4.73%,0.018609508004139592,159.68
EOS,2490,3108,2954,3,4,2,-3.64%,0.0007808348173079613,6.70
ADA,16,327,18,1,4,1,-1.84%,2.1586586423263752e-05,0.185225
XLM,0,2372,0,0,7,0,-2.18%,2.7299616808226972e-05,0.234246
NEO,3589,2477,21,8,4,1,-6.16%,0.007583421128690901,65.07
MIOTA,43,0,0,1,0,0,-2.99%,0.00015383611326067297,1.32
DASH,745,297,0,2,2,0,-4.82%,0.048514316081934045,416.28
XMR,1071,4575,273,2,6,3,-4.08%,0.024047381522884288,206.34
TRX,89188,15063,24364,345,132,12,14.50%,5.680398482150349e-06,0.048741
XEM,1,0,0,1,0,0,-0.87%,3.234357664301631e-05,0.277526
USDT,0,0,0,0,0,0,-0.14%,0.00011643832104198328,0.999106
ETC,1105,132,0,1,1,0,0,0.0,0
VEN,19,1556,0,1,3,0,-3.46%,0.0003869211333526017,3.32
QTUM,51,31,25,2,1,1,-3.80%,0.002083780079621843,17.88
ICX,1184,809,8982,18,7,2,-11.16%,0.0004148913357636332,3.56
BNB,689,1383,158,5,3,1,0,0.0,0
LSK,235,42,0,2,2,0,-4.29%,0.0013542239667341058,11.62
OMG,0,132,0,0,3,0,-4.54%,0.0012877947360079064,11.05
NANO,3009,278,0,1,2,0,-5.57%,0.0008880539265502485,7.62
BTG,47,450,158,1,3,1,-3.68%,0.0007283906877872773,6.25
ZEC,11,32,0,1,2,0,-6.49%,0.027999338038542942,240.25
DGD,0,0,0,0,0,0,-5.14%,0.03923170515677299,336.63
XVG,10250,27844,536,42,47,5,6.52%,4.914714191148364e-06,0.042171
PPT,21,0,0,1,0,0,0.39%,0.0017970855049087705,15.42
STEEM,0,0,0,0,0,0,-2.62%,0.00022958874479054982,1.97
STRAT,877,26,0,2,2,0,-2.26%,0.0005894378789555533,5.06
BCN,0,0,0,0,0,0,-2.91%,3.118429252893313e-07,0.002677
WAVES,1363,48,0,1,4,0,-3.22%,0.0005405122052082544,4.64
SC,0,5646,0,0,1,0,4.97%,1.5533901414767397e-06,0.013335
BTS,0,0,0,0,0,0,-3.49%,1.8820774772990694e-05,0.161566
VERI,1290,0,0,2,0,0,-2.13%,0.02409006983557479,206.80
MKR,0,0,0,0,0,0,-4.21%,0.07887750525659767,677.12
DOGE,0,0,0,1,0,0,-0.83%,4.1342194316467566e-07,0.003549
RHOC,0,0,0,1,0,0,-4.64%,0.00012813866933816378,1.10
AE,0,0,0,0,0,0,-3.31%,0.00019337290100122895,1.66
REP,162,0,68,1,0,1,-4.19%,0.004004915865314609,34.38
BTM,0,0,0,0,0,0,-5.76%,8.220095638043205e-05,0.705650
DCR,0,0,0,0,0,0,-2.83%,0.006001549313001998,51.52
ZIL,0,0,0,0,0,0,-1.92%,6.086936262660973e-06,0.052253
SNT,24,0,23,2,0,1,-3.89%,1.1465964622078293e-05,0.098429
ONT,0,0,0,0,0,0,-2.61%,0.00015959088817571305,1.37
AION,49,0,0,1,0,0,-1.64%,0.00032267646733337603,2.77
KMD,22,74,152,1,2,2,3.01%,0.000352963789176942,3.03
WTC,0,0,0,0,0,0,-6.27%,0.0014747595943828667,12.66
ZRX,17,13,26,1,1,1,2.55%,6.701768896085363e-05,0.575310
HSR,0,0,0,0,0,0,-5.14%,0.0007839756769507656,6.73
ARK,212,50,318,4,3,3,2.52%,0.00032733605530930923,2.81
LRC,0,0,0,0,0,0,3.72%,5.656914537332036e-05,0.485615
ARDR,483,0,0,1,0,0,-2.72%,3.214440063137417e-05,0.275942
CNX,0,7763,0,0,1,0,-1.14%,0.0006861243294561677,5.89
KCS,0,0,2137,0,0,1,0,0.0,0
QASH,0,930,0,0,1,0,-2.23%,8.529806801833548e-05,0.732237
NAS,0,0,0,0,0,0,5.11%,0.0007501936641252497,6.44
DGB,473,3361,0,2,10,0,-2.62%,2.625677824438374e-06,0.022540
PIVX,0,24,0,0,1,0,0.32%,0.00046595879759332275,4.00
STORM,3358,1,8506,7,1,2,-26.20%,6.127474678051593e-06,0.052601
MONA,51,60,0,2,4,0,-4.73%,0.00042984699077984023,3.69
ETHOS,147,70,0,2,1,0,1.86%,0.0003238413643273593,2.78
GAS,0,0,0,0,0,0,-6.57%,0.0024637571422746938,21.15
IOST,292,0,0,2,0,0,-0.50%,2.8789264309303446e-06,0.024714
FCT,0,0,0,0,0,0,-2.50%,0.0027060557170232222,23.23
DRGN,0,0,0,0,0,0,-6.26%,9.906598559022418e-05,0.850427
SYS,3843,9417,0,3,1,0,-6.42%,4.3137300584195836e-05,0.370310
KNC,0,39,46,0,2,1,0,0.0,0
ETN,0,0,0,0,0,0,-6.65%,3.3391772332531494e-06,0.028665
FUN,0,69,0,0,1,0,-4.32%,4.682070487917105e-06,0.040193
BTCD,223,9884,0,2,1,0,17.69%,0.01602432304923437,137.56
R,0,160,0,0,1,0,-8.31%,0.0001119456692042006,0.960992
ELF,1806,35,0,12,3,0,7.19%,8.220654788600317e-05,0.705698
SALT,0,0,0,0,0,0,0.18%,0.00035601390083035006,3.06
XZC,0,0,0,0,0,0,-5.16%,0.004412943548527836,37.93
ENG,454,35,0,4,1,0,9.77%,0.00024199637703500922,2.08
REQ,0,216,11,0,2,1,0,0.0,0
KIN,111,11636,0,2,3,0,16.27%,2.3501571231284546e-08,0.000202
GXS,0,0,0,0,0,0,-6.87%,0.00029318791833087655,2.52
RDD,0,345,0,0,2,0,3.65%,6.108081631893262e-07,0.005250
NCASH,326,1301,0,1,3,0,0,0.0,0
LINK,46,0,0,1,1,0,-1.79%,4.76483885717211e-05,0.409546
EMC,0,0,0,0,0,0,-4.01%,0.0003804462273579231,3.27
NEBL,0,958,0,0,3,0,-8.62%,0.0012483755411469466,10.73
NXT,0,0,0,0,2,0,-2.16%,1.5750473812618016e-05,0.135378
POWR,0,37,0,0,2,0,0,0.0,0
PAY,0,0,0,0,0,0,-0.02%,0.000144267070924717,1.24
MAID,114,2137,8480,1,1,1,-10.21%,3.294420005654338e-05,0.283161
DCN,0,0,0,0,0,0,-6.76%,4.5607009518136346e-08,0.000392
GBYTE,0,608,0,0,1,0,0,0.0,0
BNT,0,0,240,0,0,2,-4.40%,0.0003420525713860226,2.94
PART,0,0,0,0,0,0,-2.39%,0.0015404000153574624,13.24
POLY,26,697,0,1,1,0,-6.00%,5.581576629665266e-05,0.479746
DENT,0,0,0,0,0,0,4.88%,1.2614061152949853e-06,0.010842
CND,0,15224,0,0,1,0,-4.74%,9.088127401784956e-06,0.078114
MTL,378,1438,0,4,1,0,5.63%,0.0005887027249024743,5.06
STORJ,0,0,0,0,0,0,-2.89%,9.630920621698e-05,0.827794
NULS,0,0,0,0,0,0,-2.05%,0.0003141299124973677,2.70
ICN,0,0,0,0,0,0,-12.60%,1.1023633040416885e-06,0.009475
VTC,58,0,0,1,0,0,-4.74%,0.0002722459241643853,2.34
NXS,0,0,0,0,0,0,-4.79%,0.00020476616518346933,1.76
SMART,0,237,0,0,1,0,-8.73%,1.378239173861599e-05,0.118462
BLOCK,0,0,0,0,0,0,-7.09%,0.0022186879375277043,19.07
ACT,0,0,0,0,0,0,-4.06%,2.3804183046990344e-05,0.204601
MANA,14,13,0,1,2,0,-0.90%,1.045180025525964e-05,0.089835
MNX,0,0,0,0,0,0,-15.72%,0.003105232357242498,26.69
SUB,0,0,0,0,0,0,0.87%,4.8435923896793197e-05,0.416315
PLR,0,0,0,0,0,0,-4.36%,4.7295050592367576e-05,0.406509
ANT,0,0,0,0,0,0,-9.05%,0.0003932441126818899,3.38
GVT,0,2715,0,0,3,0,0,0.0,0
BTX,0,608,0,0,2,0,-3.30%,0.0008411700990207291,7.23
ENJ,0,10,79,0,1,1,0,0.0,0
AGI,0,0,0,0,0,0,0.30%,1.982636759947738e-05,0.170411
GNX,0,0,0,0,0,0,0,0.0,0
CVC,0,585,0,0,2,0,-2.85%,2.9070280168978625e-05,0.249864
RLC,0,0,0,0,0,0,0,0.0,0
QSP,0,0,0,0,0,0,-3.63%,1.598258091462996e-05,0.137373
GNO,0,0,0,0,0,0,-5.17%,0.008995749938628322,77.32
THETA,0,0,0,0,0,0,0,0.0,0
GAME,0,0,0,0,0,1,0.09%,0.00015241117976724138,1.31
POE,0,2138,0,0,1,0,0.43%,4.29555203678345e-06,0.036921
MCO,3965,0,0,3,0,0,-3.03%,0.0007131912457810607,6.13
WAX,0,0,0,0,0,0,1.50%,1.915308248702469e-05,0.164624
CS,0,0,0,0,0,0,-5.85%,6.77407194971129e-05,0.582243
SAN,0,0,0,0,0,0,0,0.0,0
SKY,0,0,0,0,0,0,-7.18%,0.0011646075644809817,10.01
AUTO,664,0,0,3,0,0,19.97%,1.4103269627011451e-06,0.012122
IGNIS,0,0,0,0,0,0,-0.87%,1.1157080081022248e-05,0.095897
UBQ,0,0,0,0,0,0,-2.84%,0.00021174682990563305,1.82
POA,0,3822,0,0,1,0,0,0.0,0
XPA,0,0,0,0,0,0,-2.04%,8.303849720249861e-06,0.071373
FSN,0,0,0,0,0,0,5.59%,0.000288534141849434,2.48
CRPT,0,0,0,0,0,0,30.43%,0.0001005178489779725,0.863968
DEW,0,0,0,0,0,0,-2.85%,7.614594358717249e-05,0.656110
NAV,0,0,0,0,0,0,-2.90%,0.00012418063989007113,1.07
BOS,0,0,0,0,0,0,-7.88%,1.7907544612185024e-05,0.154300
ZEN,78,0,0,1,0,0,0.17%,0.0021818654485358294,18.80
PPP,0,0,0,0,0,0,-3.43%,9.249113327019851e-05,0.796948
PURA,0,0,0,0,0,0,-2.80%,4.413937013722541e-05,0.380326
BIX,0,0,0,0,0,0,0,0.0,0
ABT,0,0,0,0,0,0,-3.94%,8.168358772956011e-05,0.703825
XAS,0,0,0,0,0,0,-1.35%,7.840974504670121e-05,0.675616
EDG,0,0,0,0,0,0,-1.87%,8.754584238575382e-05,0.754337
MED,0,0,0,0,0,0,-0.75%,2.3629138580951853e-06,0.020360
PRL,0,42,0,0,15,0,-2.96%,9.651632685272873e-05,0.831631
SPHTX,0,0,1705,0,0,1,7.56%,3.604209607635601e-05,0.310556
EVN,0,0,0,0,0,0,-1.57%,6.431617087256048e-05,0.554179
LEND,220,35,1994,1,1,1,1.87%,6.245125619742633e-06,0.053811
VEE,0,0,0,0,0,0,10.08%,4.426401500380666e-06,0.038140
ADX,0,0,0,0,0,0,-2.05%,9.054892485098325e-05,0.780213
CMT,0,0,0,0,0,0,-8.94%,1.1709538001596941e-05,0.100895
BLZ,0,0,0,0,0,0,-4.87%,1.1907414628711493e-07,0.001026
XDN,0,0,0,0,0,0,-2.34%,9.413356730358569e-07,0.008111
SLS,0,0,0,0,0,0,4.74%,0.006310001299834735,54.37
TKY,994,0,0,1,0,0,-8.74%,1.7617402930198876e-06,0.015180
XBY,0,18,0,0,1,0,1.28%,1.4920361911128444e-05,0.128561
ITC,0,0,0,0,0,0,0,0.0,0
DDD,0,0,0,0,0,0,2.35%,2.1244870295062486e-05,0.183056
MDS,0,0,0,0,0,0,-0.88%,1.2665844985423283e-05,0.109135
LOOM,0,0,0,0,0,0,0,0.0,0
OST,0,0,0,0,0,0,1.87%,2.1103049040907658e-05,0.181834
C20,0,0,0,0,0,0,-2.53%,0.0001531948080886859,1.32
BCO,0,0,0,0,0,0,-7.43%,0.00022282881176536126,1.92
ION,0,0,0,0,0,0,-1.20%,0.00028665998180231375,2.47
PPC,0,0,0,0,0,0,-3.70%,0.00023327391231686256,2.01
TEL,746,78,252,6,2,2,0.52%,2.0704510426531485e-07,0.001784
EDO,0,252,0,0,1,0,-0.94%,0.00019265407683880193,1.66
RPX,0,4,0,0,1,0,0,0.0,0
SNM,0,0,0,0,0,0,-0.58%,1.5432636064843185e-05,0.132975
DTA,0,1387,0,0,5,0,1.79%,1.2758110040294876e-06,0.010993
FTC,0,0,0,0,0,0,-5.15%,2.768775648524688e-05,0.238571
JNT,0,0,0,0,0,0,0,0.0,0
XP,0,0,1077,0,0,1,0,0.0,0
